1111111111111111111111111
1000000000000000000010001
1001111111111111111111101
1000000000001000000000001
1011111011111011111101001
1010001010000010000001001
1010001011111111111101001
1010001010000000000001001
1011111011111111111111101
1000000000000000000000001
1011111011111011111101001
1010001010000010000001001
1010001011111111111101001
1010001010000000000001001
1011111011111111111111101
1010001010000010000001001
1010001011111111111101001
1010001010000000000001001
1000000000000000000000001
1011111011111011111101001
1000000000000000000000001
1111111111111111111111111